Sample	Sex	As2514a	As2514b	As2510a	As2510b	As2508a	As2508b	As0007a	As0007b	As0018a	As0018b	As2501a	As2501b	As2505a	As2505b	ADC000a	ADC000b	Asu015a	Asu015b	CcaTgua	CcaTgub	Loc032a	Loc032b	Tgu05Da	Tgu05Db
RV938	M	181	189	176	176	228	228	227	227	218	218	186	188	184	184	185	185	119	119	131	137	138	146	254	256
RV1603	H	189	205	168	168	228	230	227	227	218	218	188	192	188	194	181	181	101	121	131	134	138	150	254	254
RV2740	H	189	197	168	176	226	228	227	227	218	218	186	186	186	188	183	189	111	111	134	140	142	160	252	256
RV3827	M	193	193	142	168	228	228	227	227	218	218	186	192	184	186	181	183	111	121	143	143	144	146	252	254
RV921 	H	191	201	170	172	228	228	227	227	218	218	186	188	184	186	185	185	107	121	131	134	142	148	254	256
CC306	M	193	197	172	176	224	230	227	227	218	220	188	192	184	186	185	185	111	119	143	143	146	160	254	256
RV2759	H	181	221	170	172	226	226	227	227	218	220	184	192	182	184	185	185	115	119	134	143	146	146	254	256
RV2752	H	191	197	168	170	228	230	227	251	218	220	188	188	184	194	185	185	111	119	131	143	138	138	256	256
RV3833	M	189	193	162	168	228	228	227	227	214	218	186	190	188	194	181	185	111	121	134	134	138	148	252	252
RV933 	H	193	197	172	172	226	228	227	227	218	218	188	208	194	194	183	183	107	111	128	137	138	162	252	254
RV919 	H	191	193	172	176	226	228	223	227	218	220	192	208	184	186	185	187	111	111	134	143	148	150	254	256
RV1625	H	197	197	166	172	228	228	227	227	218	220	184	208	184	186	185	185	119	119	134	134	142	160	254	254
RV2716	M	181	197	170	176	224	226	223	227	218	218	188	188	184	184	183	185	121	123	134	143	144	146	254	254
RV3816	M	189	217	170	178	226	228	223	235	218	220	188	208	184	194	185	185	111	119	134	140	138	150	252	256
RV3826	H	191	191	172	172	224	228	227	227	218	218	188	188	184	188	185	185	121	123	131	140	138	152	254	256
RV2730	H	197	201	172	172	224	230	227	235	218	220	192	208	194	194	183	185	107	111	134	140	160	160	254	254
RV2731	M	193	201	172	176	226	226	227	227	218	220	190	192	184	186	183	185	101	111	134	134	160	160	254	256
RV3860	H	197	197	166	176	226	228	227	235	218	218	188	192	184	186	185	189	109	119	134	134	148	160	256	256
RV3861	M	189	197	172	176	226	228	227	235	218	220	188	192	184	194	185	189	101	111	143	143	142	146	252	256
RV3820	H	197	197	170	176	226	228	227	237	218	218	188	192	184	184	183	185	111	111	134	137	152	162	254	256
RV3829	M	191	199	172	178	226	228	227	227	218	220	192	192	184	184	185	185	111	121	134	137	138	150	254	256
RV3847	H	177	191	172	176	226	228	227	227	218	220	176	208	194	196	181	183	111	121	128	131	146	160	252	254
RV3848	M	191	193	172	176	228	230	227	227	218	218	186	192	184	188	185	185	119	119	134	143	146	162	256	256
RV3828	M	189	193	176	176	226	226	227	227	218	218	186	190	186	186	183	185	111	119	134	140	142	160	252	256
RV956	H	193	193	172	176	226	228	227	235	218	218	192	208	184	184	185	189	119	121	143	143	142	146	252	254
RV3835	M	191	193	168	170	226	228	223	227	218	218	186	192	184	184	185	189	119	119	131	140	138	162	254	254
RV3846	H	193	197	176	176	224	226	227	227	216	218	208	208	194	194	181	183	111	121	134	140	142	160	252	256
RV3807	H	197	197	172	176	224	228	227	227	220	220	188	188	194	210	181	183	119	121	128	128	146	148	254	256
RV2783	H	189	191	172	176	228	230	223	227	218	218	184	208	184	186	183	185	109	111	128	140	142	146	254	256
A02838	M	193	193	172	172	226	228	227	227	218	220	188	208	186	186	185	185	101	121	134	134	146	160	254	254
RV3825	H	191	197	168	176	228	228	227	239	218	220	186	188	186	194	183	185	111	121	128	134	138	146	252	256
RV3766	H	193	197	172	174	228	228	227	227	218	218	188	190	188	194	183	185	111	119	140	143	148	160	252	252
RV990	M	189	205	168	176	228	228	227	227	218	218	186	188	184	188	181	185	119	121	131	137	138	150	254	256
A03147	H	189	197	172	172	226	228	223	227	218	220	190	190	186	188	185	185	119	121	131	137	142	148	252	252
A02840	M	189	189	142	172	228	228	227	227	218	220	186	192	194	194	185	185	121	121	131	140	138	160	252	254
A03123	M	181	199	170	172	226	230	227	227	218	220	192	192	184	184	179	185	121	121	131	143	148	150	254	256
RV911	H	189	199	168	168	226	230	227	227	218	218	188	208	184	184	185	185	109	121	131	143	138	160	254	254
A03217	M	189	193	172	172	224	228	227	227	218	218	188	192	184	190	185	185	121	123	131	140	138	152	254	256
A03131	H	191	197	172	176	228	230	227	227	218	220	186	192	184	184	183	185	121	121	140	143	146	160	256	256
A02823	M	181	199	172	172	226	226	227	227	218	220	188	192	184	194	183	183	121	121	134	140	148	160	254	256
RV1620	M	193	197	170	172	226	228	227	227	220	220	192	208	176	210	177	185	111	119	134	143	148	162	254	256
A03140	M	197	197	172	172	226	228	227	227	218	218	184	192	184	188	183	185	111	121	134	134	146	162	254	256
RV965	H	189	193	168	176	226	226	227	227	218	218	188	208	184	194	183	185	111	111	137	143	138	160	252	254
A02830	H	189	197	168	172	228	228	227	227	218	220	188	190	188	194	183	183	111	119	134	140	146	152	254	254
RV1627	M	197	197	166	170	226	228	223	227	218	220	184	188	184	186	183	185	119	123	134	134	142	146	254	254
A03154	H	197	199	168	176	226	226	227	227	218	220	188	208	184	194	177	183	109	121	134	134	146	162	256	256
RV941	M	189	191	142	176	226	230	227	227	218	220	186	188	184	194	183	185	111	111	134	143	134	142	252	254
A03120	M	189	197	168	172	226	228	227	227	214	220	184	190	182	184	185	185	119	121	128	128	160	162	254	256
A02811	H	189	205	168	172	226	228	227	227	218	218	186	188	184	184	185	185	111	121	131	134	138	160	254	256
A03153	H	193	197	172	172	228	228	227	227	218	220	192	208	184	196	181	185	101	121	128	131	146	160	254	254
RV396	M	189	189	168	172	224	228	223	227	220	220	188	208	186	194	185	187	101	119	134	143	142	162	252	254
RV2794	M	193	193	162	176	224	226	227	227	216	218	192	208	184	190	181	187	111	111	134	140	146	146	254	256
A02839	H	189	199	168	172	226	230	223	227	218	218	186	188	184	194	185	185	111	121	134	143	138	142	252	256
A03104	M	189	197	172	178	226	226	227	235	218	220	208	208	184	184	185	185	111	119	131	140	138	162	252	254
RV1628	M	193	197	172	176	226	228	227	227	220	220	184	208	184	194	185	185	119	121	140	143	146	160	252	254
RV2746	H	191	193	168	172	224	228	227	227	218	220	188	188	184	194	185	185	107	121	134	143	148	152	254	254
RV3792	H	189	189	172	176	224	230	227	227	218	218	188	188	184	190	181	185	101	119	134	143	150	160	254	256
RV3772	H	193	193	170	172	226	230	227	227	218	220	184	208	184	186	185	185	101	119	131	134	160	162	254	254
A03171	H	189	201	158	172	228	230	227	227	218	218	188	188	186	194	183	183	111	119	134	134	148	160	256	256
RV3753	M	197	197	142	172	228	230	227	227	218	220	184	186	184	186	185	189	119	121	140	143	142	148	254	256
RV3760	M	189	191	168	174	226	228	227	227	218	220	188	208	186	186	185	189	111	111	134	140	138	160	252	254
RV3761	H	191	197	170	172	228	230	227	227	218	218	188	192	184	186	185	185	111	121	131	140	138	148	252	254
A03172	M	181	189	176	176	224	226	227	227	218	218	184	208	176	186	177	185	119	121	128	143	146	152	254	254
RV2782	M	189	193	172	172	226	228	227	227	218	218	188	188	190	194	183	185	111	119	128	128	142	148	254	256
RV2720	M	189	197	168	172	226	228	227	227	218	218	188	188	188	194	183	185	101	111	128	128	146	160	252	254
RV4363	H	197	225	172	172	226	228	227	227	218	220	190	208	188	210	183	185	109	133	134	140	140	160	256	256
RV2718	M	189	197	168	178	224	228	227	235	218	218	208	208	184	186	181	185	111	119	134	143	150	160	254	256
RV3759	H	187	201	170	172	228	230	227	227	220	220	192	208	184	196	181	183	101	101	128	134	146	160	254	256
RV3781	M	197	221	168	172	226	226	227	227	218	220	186	188	184	184	183	185	111	133	134	143	134	160	256	256
RV3782	H	189	189	168	176	226	228	227	227	218	220	192	192	186	194	181	185	107	111	134	140	138	162	254	256
RV6206	H	197	197	170	172	228	228	227	227	218	218	188	192	184	184	185	185	111	119	134	134	146	162	252	254
RV4396	M	197	205	170	172	226	228	227	227	218	220	188	192	184	184	183	185	115	119	131	134	142	152	252	254
RV3786	H	197	199	168	172	226	226	227	235	218	220	208	208	184	196	181	183	101	111	128	131	138	146	252	256
RV2749	M	193	201	168	176	224	226	227	227	218	220	192	192	188	194	181	185	111	119	131	143	144	160	252	254
RV992	H	181	205	168	176	228	230	227	227	218	218	188	192	184	194	181	185	101	119	131	134	146	150	254	256
RV924	M	191	193	168	176	226	226	227	227	218	218	186	188	186	194	183	185	121	121	137	143	146	162	254	256
RV3762	M	189	189	172	176	224	226	227	235	220	220	188	192	194	194	183	183	111	119	131	143	142	162	254	256
RV970	H	193	205	168	172	226	226	227	227	218	218	186	188	186	194	185	185	111	121	134	143	142	162	252	256
RV1638	M	193	205	170	178	228	228	227	227	218	218	188	192	188	188	181	185	121	121	134	140	142	146	254	254
RV3740	H	189	197	168	170	226	230	227	235	218	220	192	208	188	196	183	185	101	121	134	137	146	146	252	256
A02810	M	181	205	168	176	228	228	227	227	218	218	188	188	184	194	181	185	119	121	131	131	138	138	254	256
RV3800	H	199	221	172	176	224	226	227	227	218	218	188	192	190	196	181	185	109	119	134	143	138	142	254	254
RV4192	M	191	193	172	176	228	230	227	235	218	218	184	184	182	194	185	189	119	119	128	131	146	162	254	254
A03184	H	189	193	168	172	226	230	227	227	218	220	188	190	184	186	185	185	119	121	131	134	138	146	254	256
RV2771	M	191	193	166	168	228	228	223	227	218	220	184	188	186	188	185	185	119	119	134	134	148	162	252	252
A03194	H	189	199	172	172	228	228	227	227	218	218	188	208	184	188	183	185	119	121	134	140	148	160	254	254
A03185	H	189	191	158	168	226	228	227	227	218	220	188	188	184	194	183	185	111	115	131	134	142	148	252	254
RV4176	H	191	197	170	172	226	228	223	227	218	218	190	190	184	186	185	185	121	121	131	137	142	142	256	256
RV2791	M	189	193	162	172	224	226	227	227	216	218	208	208	190	194	181	187	111	119	134	134	146	146	256	256
RV954	M	193	197	172	176	226	226	227	227	218	218	184	188	188	194	183	185	111	121	134	137	138	146	254	254
RV4200	H	181	221	172	172	226	226	223	239	218	220	176	208	184	184	183	185	115	119	134	134	146	160	256	256
RV4196	H	193	197	172	172	228	230	227	227	218	220	186	188	184	186	185	185	109	111	134	143	146	160	254	256
A03196	H	181	199	176	176	228	230	227	227	218	218	192	208	184	194	185	185	119	121	134	134	146	160	254	256
RV4179	M	181	197	168	168	228	228	227	227	218	220	184	186	182	186	185	185	111	121	131	143	142	150	254	254
RV942	H	189	191	170	176	226	226	227	227	216	218	184	188	182	194	185	189	119	119	128	143	142	162	252	254
A03183	M	199	201	172	174	224	224	227	227	218	220	188	192	176	184	183	185	101	111	143	143	138	162	254	254
RV4167	H	189	205	172	176	226	226	227	227	218	220	188	192	194	194	181	185	111	111	134	134	146	152	252	252
RV4168	M	193	197	168	168	226	230	227	227	214	218	188	190	186	194	181	185	111	119	134	137	142	148	252	256
RV6420	H	181	189	168	176	228	228	227	251	218	218	176	192	184	184	185	185	107	121	134	140	138	160	254	256
A03186	H	193	197	170	172	226	226	227	227	218	218	188	208	184	194	185	185	111	119	134	134	146	160	254	254
A03195	M	181	189	158	170	228	228	227	227	220	220	192	208	184	184	183	185	107	119	143	143	146	146	252	256
RV4173	M	181	197	168	176	224	230	227	227	220	220	192	192	186	196	181	185	111	111	134	137	142	148	254	256
A03145	H	193	197	172	176	224	224	227	227	216	218	192	208	190	194	181	185	111	111	134	140	146	160	254	256
RV6406	M	189	197	172	176	226	230	223	227	218	218	186	188	184	186	183	185	119	123	131	134	142	146	256	256
A03170	M	189	217	168	172	226	226	227	227	218	220	188	190	188	188	183	183	101	109	128	134	146	160	254	256
RV947	H	197	201	172	172	226	228	227	227	218	218	188	192	184	194	185	185	101	123	134	134	134	152	252	254
RV6408	M	189	199	176	176	224	228	227	227	218	220	188	192	184	186	185	185	111	121	134	143	138	138	254	256
A03136	M	191	197	176	176	224	226	227	239	218	218	188	192	188	194	181	185	111	121	131	137	138	146	256	256
RV4388	H	181	193	170	172	224	226	227	227	220	220	184	188	184	186	185	185	119	119	143	143	146	160	254	254
RV4386	H	181	189	168	176	228	228	227	227	218	218	186	192	184	194	181	185	101	119	134	137	138	146	254	254
RV6411	M	197	205	168	176	226	230	227	227	218	220	188	192	194	194	185	185	111	111	134	137	142	146	252	256
RV6412	H	193	199	168	176	224	226	227	227	218	218	188	188	194	196	185	185	111	111	131	131	142	146	254	256
RV6407	H	197	225	166	172	228	228	227	227	218	220	192	208	182	186	181	183	109	111	140	143	160	160	256	256
RV2742	M	197	197	168	172	228	228	227	227	218	218	186	208	186	188	183	185	111	111	140	143	142	160	254	256
RV6428	H	189	193	168	172	228	230	223	227	218	220	190	190	184	186	185	185	119	121	131	134	146	146	254	256
RV6422	M	193	197	168	168	226	228	223	227	218	220	188	192	184	188	185	187	111	119	134	134	148	152	254	254
RV3768	H	193	205	168	174	228	228	227	227	218	218	186	190	188	194	183	185	119	119	137	140	148	150	252	254
RV3763	M	189	205	168	176	224	226	227	235	218	220	188	188	194	194	183	185	111	111	131	143	142	142	254	256
RV6413	H	189	191	168	176	226	230	227	227	218	220	184	186	188	210	185	185	111	119	134	140	148	148	254	256
RV6414	M	189	189	142	166	224	230	227	227	218	218	192	192	186	194	185	185	111	121	134	134	134	162	252	256
RV4160	H	199	221	168	172	224	226	227	227	218	218	186	192	184	196	183	185	109	133	134	143	134	142	254	256
RV6426	H	197	221	172	172	226	226	227	239	218	220	176	184	184	188	183	183	111	119	134	134	138	160	254	256
RV6427	M	181	191	176	176	228	228	227	227	218	218	188	190	176	184	181	185	101	119	134	134	138	146	256	256
RV6424	H	191	197	168	170	224	228	227	227	218	220	190	192	184	186	185	185	107	119	128	143	138	142	254	254
RV6425	M	193	197	162	168	226	228	223	227	218	218	188	192	184	186	185	185	111	119	134	134	152	152	252	256
RV3749	H	189	189	170	176	226	226	227	227	218	220	188	208	184	188	183	185	111	121	137	143	142	146	252	252
A03192	H	189	191	172	176	226	228	227	235	220	220	188	192	184	194	183	183	111	121	140	143	160	162	256	256
RV6423	M	189	221	142	168	228	228	227	227	218	218	186	190	184	194	181	185	111	121	131	134	146	160	252	254
RV3755	H	191	199	172	172	224	226	227	227	218	220	188	188	184	184	183	185	121	123	131	134	138	160	256	256
RV6416	H	189	193	170	176	226	228	227	227	216	220	184	188	188	188	181	181	109	119	134	134	148	162	254	256
RV6419	H	181	201	142	170	226	228	227	227	218	218	192	208	188	194	181	185	121	121	131	134	138	142	254	256
RV6421	M	191	191	168	172	224	230	227	227	220	220	192	192	184	184	183	185	111	111	134	134	144	146	252	256
RV3746	M	197	197	168	172	226	226	227	227	218	218	188	192	188	194	183	185	109	111	134	134	146	162	254	256
RV6418	M	189	193	168	176	226	230	227	227	214	218	190	192	194	194	181	181	111	111	134	137	142	152	252	256
A03152	M	189	197	172	178	226	228	227	235	220	220	208	208	184	196	185	185	101	111	128	140	146	162	254	254
RV6415	H	189	191	168	178	226	228	227	227	220	220	188	192	184	194	179	181	109	121	134	137	160	162	252	254
RV6417	M	191	197	172	176	224	228	227	227	220	220	192	208	184	186	185	185	119	121	134	143	144	162	252	256
RV1703	H	189	189	172	176	226	230	223	227	218	218	188	208	184	194	183	183	109	119	128	128	142	146	254	256
RV3752	H	189	197	142	158	228	230	227	227	218	220	184	188	184	194	183	185	119	119	134	143	148	148	256	256
RV1706	M	193	197	168	172	224	228	227	227	218	220	186	192	188	194	185	189	107	111	131	143	160	160	252	256
RV1709	H	197	201	166	176	226	230	227	227	218	218	188	208	184	194	185	185	121	123	131	134	146	152	256	256
RV968	M	197	197	168	170	228	228	223	239	218	220	176	192	184	186	185	185	111	115	134	134	152	160	252	254
RV1900	M	193	201	168	170	228	228	227	227	218	220	188	208	184	184	185	185	119	121	134	143	162	162	254	256
RV1707	M	191	197	170	172	228	228	227	227	218	220	188	192	184	194	181	185	119	121	134	134	144	146	256	256
RV1708	H	191	197	170	176	226	226	227	227	218	218	188	208	184	194	181	185	109	109	131	143	142	146	256	256
RV1814	M	189	197	168	176	226	228	223	227	218	220	192	192	196	196	185	185	111	121	134	137	142	146	252	256
RV1704	H	181	191	166	176	224	226	227	227	218	218	190	208	184	188	183	185	111	121	131	143	142	162	254	254
RV1705	M	193	199	170	176	226	228	223	227	218	218	188	208	184	186	183	185	111	115	134	143	146	146	256	256
RV1898	H	191	205	172	176	224	228	223	227	220	220	190	192	190	190	185	185	107	121	134	134	142	148	254	256
RV1793	M	177	197	172	176	228	230	227	227	218	220	188	192	184	184	181	185	101	115	131	134	138	162	252	256
RV6492	H	193	197	172	174	228	228	227	227	214	218	186	192	194	194	183	185	107	111	131	131	150	160	254	254
RV6496	H	191	197	168	172	224	228	227	227	218	220	188	192	184	194	183	183	111	119	128	134	144	148	252	256
RV6501	M	193	197	168	168	228	228	227	239	218	218	176	188	184	188	185	185	111	119	134	134	152	160	252	254
RV1869	M	191	197	158	170	226	226	227	227	218	220	188	192	176	184	185	185	115	119	131	134	142	162	254	256
RV1877	H	191	221	168	172	228	228	227	227	218	220	188	190	184	194	181	183	121	121	131	143	160	160	252	256
RV6506	M	189	199	158	176	224	228	227	227	218	218	188	192	184	186	185	185	121	133	134	143	138	138	254	256
RV6507	H	181	197	162	166	226	228	227	227	218	218	176	208	186	194	183	185	107	121	134	134	148	160	252	256
RV6503	H	205	217	172	172	226	228	227	227	218	218	188	192	186	186	185	185	101	111	134	134	142	146	256	256
RV6494	M	193	205	168	170	228	230	227	227	218	220	188	208	184	184	185	185	119	121	134	143	150	162	254	254
RV6502	M	189	197	162	170	226	228	227	239	218	218	188	192	186	188	185	187	111	119	134	134	148	160	254	256
RV6521	M	189	197	172	174	226	228	227	227	218	220	176	192	184	184	183	189	111	133	131	134	138	162	254	254
RV6527	H	193	193	174	176	226	230	227	227	218	218	208	208	176	184	177	185	119	119	128	143	146	150	254	254
RV1806	M	197	199	168	172	226	226	227	227	218	220	184	208	188	194	183	183	111	121	134	134	146	146	256	256
RV6498	H	189	197	172	176	226	226	227	227	218	218	188	208	184	188	181	185	111	111	128	143	160	160	252	254
RV6495	H	189	199	176	178	224	228	227	227	218	220	184	208	184	210	185	185	119	121	134	140	142	160	254	256
RV6500	H	191	193	168	176	226	230	227	227	218	218	188	208	184	184	185	185	121	123	134	134	138	142	254	256
RV6509	H	191	197	158	178	224	226	227	227	218	218	188	208	186	194	181	185	109	119	140	143	138	152	256	256
RV6516	M	197	199	158	172	226	228	227	227	218	220	188	192	184	194	185	185	111	133	134	143	142	146	256	256
RV6499	H	197	205	168	178	226	226	227	227	218	220	192	208	188	196	181	183	101	107	128	134	146	150	256	256
RV6535	H	189	197	168	172	226	228	223	223	218	220	190	192	184	186	185	185	115	121	131	134	142	152	252	252
RV6536	M	189	189	158	172	226	228	227	227	218	220	188	190	186	186	185	185	119	121	137	143	138	148	252	254
RV6510	H	191	191	170	176	224	226	227	227	218	218	188	208	184	196	183	183	109	111	131	134	142	142	254	256
RV1891	H	181	197	172	176	226	228	227	239	218	218	176	188	184	188	183	185	101	119	134	134	138	146	256	256
RV1894	M	189	189	172	176	228	230	223	227	218	218	188	190	184	194	181	185	101	119	131	137	138	146	254	256
RV6508	H	191	205	176	176	228	228	227	227	218	220	192	208	194	194	181	185	111	111	134	134	152	162	254	256
RV6443	H	197	197	162	170	228	228	227	227	218	220	188	190	184	184	185	185	107	119	134	143	142	152	252	254
RV6528	M	193	197	170	176	228	228	223	227	218	218	192	208	184	194	185	185	111	119	128	143	148	162	254	256
RV6504	H	197	197	170	174	226	228	227	227	218	220	208	208	184	190	183	185	109	119	134	134	148	162	254	256
RV6505	M	181	199	158	172	226	228	227	227	218	220	188	208	184	184	185	185	107	111	140	143	142	162	254	254
RV6497	M	189	197	172	178	224	228	227	235	218	218	192	192	186	190	183	183	111	111	134	143	146	160	254	254
Ring1	H	193	205	168	176	228	228	227	227	218	220	188	208	184	186	181	185	109	121	131	143	138	148	252	256
Ring2	M	181	193	162	168	224	228	227	227	216	218	186	208	184	184	185	187	111	119	134	134	146	146	254	256
Ring3	M	193	205	168	176	230	230	223	227	218	218	188	190	184	184	181	185	101	119	131	134	138	146	254	256
